38
1
2
N17DCDT081
1
0
N18DCCN223
1
0
2
1
N18DCCN223
1
0
3
0
4
0
5
0
6
0
7
0
8
19
N17DCAT009
1
7.2
N17DCAT023
1
9
N17DCCN234
1
6
N17DCDT019
1
8
N17DCDT025
1
8
N17DCDT081
1
8.5
N17DCDT265
1
8
N17DCDT778
1
7
N18DCAT019
1
9
N18DCAT034
1
9
N18DCAT145
1
8
N18DCAT224
1
7
N18DCCN223
1
7
N18DCCN224
0
0
N18DCCN227
1
9
N18DCCN319
1
8
N18DCCN443
1
7.8
N18DCCN445
1
8
N18DCDT022
0
0
9
2
N18DCDT028
1
9
N18DCDT118
1
9
10
0
11
0
12
0
13
3
N17DCDT081
1
10
N18DCCN223
1
10
N18DCCN226
1
8
14
0
15
3
N17DCAT123
1
9
N17DCDT080
1
9
N18DCMR139
1
7
16
0
17
0
18
0
19
0
20
3
N17DCCN213
1
0
N17DCDT778
1
0
N18DCAT336
1
0
21
2
N18DCAT224
1
0
N18DCDT028
1
0
22
0
23
3
N17DCAT009
1
0
N18DCCN224
1
0
N18DCMR097
1
0
24
0
25
2
N17DCDT019
1
0
N18DCAT145
1
0
26
1
N17DCMR114
1
0
27
1
N18DCDT118
1
0
28
2
N17DCDT114
1
0
N17DCMR056
1
0
29
0
30
0
31
0
32
0
33
0
34
1
N18DCCN223
0
0
35
0
36
0
37
0
38
0
