38
1
INT1154
2018-2019
1
1
20
90
1
2
BAS1203
2019-2020
2
2
20
100
1
3
INT1358
2018-2019
2
2
30
100
1
4
INT1339
2019-2020
2
1
40
150
1
5
ELE1330
2018-2019
1
1
20
90
1
6
ELE1319
2019-2020
2
3
20
100
1
7
INT1336
2018-2019
1
4
20
90
1
8
OTC1301
2019-2020
2
3
20
100
1
9
TEL1419
2019-2020
1
4
20
80
1
10
ELE1308
2018-2019
2
4
20
90
1
11
SKD1101
2019-2020
2
5
20
80
1
12
SKD1102
2019-2020
1
4
20
100
1
13
BAS1146
2020-2021
1
5
20
90
1
14
BAS1221
2018-2019
2
4
20
100
1
15
SKD1103
2019-2020
1
3
20
80
1
16
ELE1415
2019-2020
2
4
20
90
1
17
ELE1435
2020-2021
1
5
20
90
1
18
INT1362
2019-2020
2
4
20
80
1
19
BAS1122
2020-2021
2
4
20
90
1
20
BAS1226
2018-2019
1
3
20
100
1
21
ELE1318
2018-2019
2
4
20
80
1
22
ELE1310
2020-2021
2
4
20
100
1
23
ELE1422
2020-2021
2
5
20
80
1
24
ELE1305
2018-2019
2
4
20
80
1
25
BAS1143
2021-2021
1
4
20
100
1
26
ELE1424
2018-2019
1
5
20
90
1
27
BSA1314
2019-2020
2
4
20
80
1
28
INT1311
2020-2021
2
5
20
80
1
29
INT1484
2018-2019
2
5
20
90
1
30
TEL1345
2018-2019
1
4
20
100
1
31
TEL1419
2018-2019
2
4
20
90
1
32
MAR1329
2020-2021
2
3
20
100
1
33
MAR1323
2018-2019
1
4
20
100
1
34
BSA1334
2020-2021
1
5
20
80
1
35
TEL1415
2020-2021
2
4
20
80
1
36
INT1483
2018-2019
2
3
20
100
1
37
BAS1146
2020-2021
1
1
2
90
1
